0.013216 446778
0.014545 446778
0.01135 446778
0.01086 446778
0.010213 446778
0.009394 446778
0.01651 446778
0.008974 446778
0.010061 446778
0.010621 446778
0.010298 446778
0.010168 446778
0.010625 446778
0.010194 446778
0.014598 446778
0.010943 446778
0.009745 446778
0.009411 446778
0.018611 446778
0.015512 446778
0.010427 446778
0.010392 446778
0.010314 446778
0.016658 446778
0.008408 446778
0.010816 446778
0.017596 446778
0.013967 446778
0.012908 446778
0.033606 446778
0.010905 446778
0.008352 446778
0.012099 446778
0.00999 446778
0.013395 446778
0.01611 446778
0.008107 446778
0.011141 446778
0.014499 446778
0.014485 446778
0.010573 446778
0.012854 446778
0.008714 446778
0.010186 446778
0.009273 446778
0.015403 446778
0.010688 446778
0.010109 446778
0.010612 446778
0.010831 446778
0.009933 446778
0.010838 446778
0.010486 446778
0.010043 446778
0.01483 446778
0.010862 446778
0.009884 446778
0.01066 446778
0.010136 446778
0.008333 446778
0.009824 446778
0.008542 446778
0.014132 446778
0.011585 446778
0.010172 446778
0.01073 446778
0.010121 446778
0.018841 446778
0.008741 446778
0.011807 446778
0.01101 446778
0.009977 446778
0.010132 446778
0.013127 446778
0.011658 446778
0.010466 446778
0.01002 446778
0.010872 446778
0.010043 446778
0.018527 446778
0.010642 446778
0.010774 446778
0.009812 446778
0.009681 446778
0.011462 446778
0.01027 446778
0.010294 446778
0.01064 446778
0.010685 446778
0.009805 446778
0.022892 446778
0.009786 446778
0.010832 446778
0.010189 446778
0.010994 446778
0.010017 446778
0.010257 446778
0.010667 446778
0.010835 446778
0.009752 446778
