0.33189 456850
0.23128 451325
0.22545 456329
0.23977 451143
0.24227 452070
0.23872 457724
0.22604 451552
0.22092 451405
0.22083 456924
0.2223 455850
0.22078 459798
0.22139 454716
0.22197 454111
0.22035 457361
0.22034 450478
0.21982 451104
0.23075 450001
0.22071 455017
0.22387 455957
0.23444 458253
0.22098 457404
0.21949 459476
0.23157 448276
0.22113 454420
0.22199 450326
0.22125 457339
0.2334 450284
0.22108 461146
0.22098 453217
0.22197 452896
0.21859 449384
0.22035 461200
0.22379 460695
0.21964 450727
0.21997 456328
0.22195 452364
0.21987 451760
0.22062 451158
0.22052 456755
0.21974 455297
0.21952 453537
0.22223 453356
0.22144 451661
0.23623 450529
0.21775 454810
0.21864 452779
0.21914 448536
0.22061 457980
0.22054 456422
0.22032 454220
==========
0.26287 447428
0.13289 453175
0.1319 453005
0.13454 452926
0.13186 447148
0.13384 448293
0.13143 447950
0.14176 449464
0.13465 444440
0.14323 447817
0.13738 456547
0.13767 446804
0.13286 443468
0.13633 448538
0.13358 448545
0.13705 455264
0.13321 446293
0.13634 442356
0.13038 441649
0.15257 452229
0.15072 448224
0.13544 447673
0.13459 450283
0.14654 452826
0.13337 447560
0.13554 446053
0.13104 454159
0.13975 447086
0.14718 446168
0.1594 450666
0.13179 450635
0.13637 445411
0.13283 448165
0.13443 446508
0.13274 451084
0.13757 450566
0.13274 446533
0.13486 449748
0.13342 447189
0.13433 449656
0.13315 448533
0.1377 448068
0.13386 452464
0.13847 447500
0.13191 452346
0.14034 453438
0.13593 450113
0.13481 450373
0.13242 448398
0.13794 446981
==========
Starting parallel pool (parpool) using the 'local' profile ...
Connected to the parallel pool (number of workers: 4).
21.4948 455762
0.2914 456533
0.23037 450340
0.21093 452777
0.27033 456566
0.20684 451368
0.19863 449225
0.24498 448986
0.20361 454331
0.23322 453608
0.18257 454404
0.2222 460843
0.19811 460240
0.18594 451364
0.1809 454171
0.23303 452200
0.2236 451922
0.18227 452911
0.18254 457206
0.17342 453977
0.19835 451704
0.19807 451172
0.17796 451198
0.19086 453908
0.19445 459321
0.18467 453287
0.18302 450787
0.19094 453752
0.18247 456788
0.18594 450858
0.18576 463020
0.18768 452365
0.20671 450436
0.17808 454714
0.17844 454853
0.22572 457231
0.21808 449036
0.19711 453818
0.18585 454631
0.18598 454406
0.17542 459279
0.17694 452693
0.16603 451667
0.17523 451285
0.23414 455147
0.17824 450968
0.17436 451149
0.17008 458460
0.19864 458751
0.20616 451450
==========
0.31313 450232
0.15419 451728
0.16575 450413
0.18434 450849
0.16179 450980
0.18001 448034
0.19366 447521
0.19204 452693
0.17715 451881
0.15362 447388
0.197 447453
0.15732 448472
0.17824 443983
0.16547 451784
0.16955 444888
0.15375 452277
0.14961 450390
0.16145 452016
0.14661 444699
0.15014 447519
0.1458 446838
0.13726 452256
0.15745 447006
0.15316 451216
0.15357 443023
0.16577 449300
0.15742 451647
0.15041 446610
0.14854 449394
0.15797 450482
0.17368 447216
0.14578 450191
0.15827 449894
0.14599 450851
0.1684 444334
0.18089 456525
0.16549 448583
0.19808 447283
0.16114 448621
0.14626 449744
0.10762 451577
0.1758 447889
0.14603 451546
0.15034 450477
0.14166 445374
0.14646 442277
0.14973 441993
0.098521 450777
0.18494 448437
0.16192 444252
[?1l>